2056834734915977382
2056827105401614656
2056804900017947046
2056435834333934051
2056165722804654196
2055356452286640630
2055317612687675545
2055034714231345475
2055034461591588916
2054773491522822264
2054627102922797323
2054626219858293128
2053971387308745046
2053970698725679437
2053951875654054011
2053951874408276193
2053884619695730745
2053572868936761350
2053513789010755762
2053566155571560868
2056480151530016911
2056452771436793983
2056445559540707452
2056429975167734055
2056083305468944820
2056034311594475666
2055384060005064980
2055392846937485385
2055319136612278624
2055097107758076254
2055189039205249420
2055185058282226146
2055013829646393644
2055083238566354962
2054888261428838836
2054965140907511982
2054668056639545502
2054663692504256808
2056889205846938063
2056874495630008682
2056739446993690941
2056446968814051370
2055766210512560416
2055730541295481140
2055368423706612167
2055365006921810295
2055364126810005927
2055364123442004222
2055364121105662200
2055364118014505115
2055364115560878480
2054975562880283020
2054975561072558546
2054975558048432615
2054975556429468153
2054975555053703361
2054975552654639180
2054975549064241411
2054975534539370708
